n1: 6.125
n2: 53.875
N1: 35.375
N2: 66.875
vocab: 60.0
length: 102.25
calc. length: 376.67770657
Volume: 690.381580331
Difficulty: 3.8603220151
Effort: 5031.52088516
Time: 279.528938065
Bugs: 0.230127193444