n1: 7.53556485356
n2: 69.7489539749
N1: 47.0251046025
N2: 90.4184100418
vocab: 77.2845188285
length: 137.443514644
calc. length: 510.120109357
Volume: 981.682628595
Difficulty: 4.83171105137
Effort: 8195.46861569
Time: 455.303811983
Bugs: 0.327227542865
