n1: 7.61952861953
n2: 76.2356902357
N1: 50.6026936027
N2: 97.3703703704
vocab: 83.8552188552
length: 147.973063973
calc. length: 567.351326878
Volume: 1076.28056546
Difficulty: 4.85948283482
Effort: 8949.78389186
Time: 497.210216214
Bugs: 0.358760188486