n1: 7.93235294118
n2: 81.4323529412
N1: 54.1941176471
N2: 104.632352941
vocab: 89.3647058824
length: 158.826470588
calc. length: 617.528267823
Volume: 1176.96818888
Difficulty: 5.08986166308
Effort: 10356.4172521
Time: 575.356514006
Bugs: 0.392322729627