h1 = 5
 
h2 = 47 

N1 = 26 

N2 = 52

vocabulary = 52 

length = 78

calculated_length = 272.6753165032857 

volume = 444.63429801500524

difficulty = 2.765957446808511 

effort = 1229.8395477010783 

time = 68.32441931672658

bugs = 0.14821143267166842
